../../../../../.git/annex/objects/Vv/0M/SHA256E-s7977--d3ec8c52c5a1c57a2c3b072561c4b544a135747d89e6c512b50c1b1f5f1cff88.csv/SHA256E-s7977--d3ec8c52c5a1c57a2c3b072561c4b544a135747d89e6c512b50c1b1f5f1cff88.csv